Name der Farbe     Dezimalwerte     Hex         Binär
                     R G B

1.) Blau             0 0 225        #0000FF     0000 0000 0000 0000 1111 1111
2.) Rot              255 0 0        #FF0000     1111 1111 0000 0000 0000 0000
3.) Grün             0 128 0        #008000     0000 0000 1000 0000 0000 0000
4.) Lila             128 0 128      #800080     1000 0000 0000 0000 1000 0000
5.) Grau             192 192 192    #C0C0C0     1100 0000 1100 0000 1100 0000
6.) Gelb             255 255 0      #FFFF00     1111 1111 1111 0000 0000 0000
7.) Weiß             255 255 255    #FFFFFF     1111 1111 1111 1111 1111 1111
8.) Orange           255 165 0      #FFA500     1111 1111 1010 0101 0000 0000
